1901
7660
4219
8470
1407
5655
9559
9581
126
6063
926
220
9213
9822
2703
4350
7835
2916
7150
4163
2093
2196
798
9024
9101
7677
7604
1625
7330
3469
4761
2497
4162
1345
1568
8577
53
4048
457
7607
1517
5528
9509
9601
9811
8792
27
4379
4515
3921
186
2566
394
3079
7088
5049
575
5724
2251
155
4608
8494
1790
1042
9807
5312
3382
6134
3981
4327
9741
6186
6884
8310
5615
5068
7259
1452
8651
8042
5094
4987
525
2311
9389
2013
9289
3150
3630
2834
4890
4695
3285
429
2012
6552
8139
8768
5766
5934
3612
3413
1453
1388
669
8207
3269
8898
3982
7024
1241
4914
4573
5468
7677
5823
619
413
3041
9063
7555
1033
7641
4307
6056
2145
539
3580
926
2907
8872
6336
2684
9986
1135
309
7008
5469
9919
2477
2947
9261
6427
59
8719
2859
6275
8469
7246
833
1024
1243
4101
1559
4976
8231
6161
6578
1219
7701
1328
9832
3508
1413
1012
6631
7532
3838
9731
9558
5364
2901
7666
284
6042
2334
6388
2176
7767
4723
2973
4816
9118
4707
6412
2102
9254
7580
2920
9496
2171
8284
506
6399
2834
4340
652
3226
6428
8350
9600
9156
8990
833
500
9507
8958
8851
4436
6579
7024
1998
2049
578
1938
8262
7329
9565
7956
3642
3430
9499
3021
2952
2707
3144
7898
1238
813
2485
6807
4015
1534
2158
3603
9882
8816
7484
15
4977
1112
9516
5736
2352
2033
3631
3909
669
2155
7300
8146
9576
866
3555
6591
3122
180
5355
9331
7331
7406
8255
4693
2022
2918
7372
1596
1064
3294
4830
5557
8177
7127
9811
9013
4177
1029
5088
4351
2783
4818
3410
312
1486
3413
5928
9978
8466
9332
9232
2886
8018
727
8911
2077
7357
5295
3893
7713
4497
695
2224
3431
3098
1818
6576
1552
7113
453
8891
5160
3717
1710
9681
1758
1814
3638
2019
6246
6911
731
5727
4971
3339
3312
8431
6921
7724
1601
1731
4585
6016
1090
1484
7454
3717
2520
2603
7633
7135
2266
9049
1432
8071
3384
7112
4908
3173
6349
1754
2730
5714
7409
9473
1578
7975
9314
9158
1455
2923
5541
2877
2734
5019
6791
1721
178
5034
2425
4364
7727
7627
4507
706
9766
4236
87
383
2841
1126
9666
3430
2736
7618
3791
7084
3818
6782
7893
732
9415
2704
3905
235
2262
9387
1727
7647
8427
7536
2725
5852
9124
6614
2992
767
2731
7165
1764
4463
8222
4799
7790
944
1070
3624
6764
1625
7925
3720
4287
8393
507
6150
8719
6998
1162
6103
368
6806
4993
8271
469
4737
6998
2296
9618
5574
7168
7297
6982
2462
1603
9032
5464
2718
1277
4059
144
5377
5249
2923
4282
2981
402
7827
8935
7268
7010
6792
4965
9574
6939
2545
704
2373
6110
7512
6824
7697
1418
3329
9541
6709
3120
7770
7976
3850
8405
9204
6372
9834
5031
8706
4205
8168
4579
8863
4896
1598
8038
485
6611
1927
4530
6683
2638
398
1876
6975
7594
6374
7028
516
4633
1516
3565
5133
3927
1194
6237
1435
8655
2942
3327
1715
6465
4922
1719
3108
4946
5292
4829
9159
4180
9905
2303
8040
6872
5830
4832
5572
8225
8143
7045
2371
2683
412
6081
9880
5228
2744
4527
5847
6057
1859
6848
5542
4012
8115
6470
967
517
7335
321
8357
7087
5148
3527
4989
6469
5971
5097
2832
1092
5139
1556
6198
2738
3371
6165
8180
4335
1019
65
1328
107
2963
7428
8421
3112
9915
3288
6643
3810
8693
8104
9336
3596
4896
213
6933
1421
6271
7913
2922
811
9562
8314
4788
6310
6818
7201
8072
7016
2442
5612
7792
9260
1845
6481
3221
7805
2555
9828
9821
5648
6784
1355
5224
6980
6454
5872
4294
5880
6929
9174
187
6383
9211
2111
4725
6304
6394
4925
7773
9584
3503
9896
8940
8900
7777
6080
225
8209
9401
2484
1216
6551
5470
5602
3788
9358
2724
2751
1288
6463
4593
4361
843
1814
7488
9243
9154
855
2490
2961
139
1663
7985
8685
3967
8571
2014
649
1582
4991
1118
1918
5330
3968
601
2564
2973
5090
3908
9067
4852
1178
5127
4074
8513
1659
7856
9206
1171
2259
3641
7285
5433
8955
808
8178
5855
282
566
4196
2391
4892
6739
4763
4923
5042
7240
2475
5362
2921
6876
76
4018
495
843
4032
1461
9315
2147
8535
431
4205
5905
8992
5791
2174
6956
4385
8612
201
2048
6920
6850
9665
2591
6387
6548
8309
4130
4525
2644
6602
7494
4234
7769
9048
6037
7845
5361
3192
6721
4199
383
5612
6249
1531
758
5343
4245
9280
4503
1422
900
3071
9335
2679
8905
6429
7781
2001
2001
4723
4986
3197
2760
7036
4418
8396
1453
8703
522
545
9075
2974
2731
9560
6393
6238
7286
1334
6092
8040
5120
1203
9707
4783
8863
6774
4907
499
1685
9583
796
6965
8893
315
2508
1644
7764
7027
4283
4919
4667
6406
9535
2068
202
3289
1737
2337
9734
8028
5975
5649
2006
4799
7499
2081
1858
1940
6492
5707
653
7607
4139
4730
8277
4411
9401
6560
5400
3126
3703
5461
2922
1888
5726
8497
3780
6504
2433
3099
4335
9384
8511
290
497
3322
829
4573
9383
7643
4083
670
2564
7855
7638
4924
4457
4181
6167
5185
8710
9036
5337
6113
9519
342
9176
9708
8242
300
6777
5222
7496
9907
76
1653
5259
7581
9929
2522
4375
2194
6474
4436
3555
1809
6117
4033
6162
7170
6670
7959
1797
6798
4026
3314
4403
2273
3174
4654
9388
1006
3353
520
7498
7411
951
8160
3673
847
1480
3010
2713
4450
2520
1397
6322
2340
848
898
6759
1465
2070
6825
5325
5378
1056
5857
3854
423
4910
6559
4041
6340
8889
394
29
258
5942
2508
1382
7784
4144
3771
4918
6578
9445
8072
4584
2016
2319
2247
4257
1234
9127
9697
984
7906
9701
7655
7095
850
6106
7383
50
953
4865
4132
5416
120
3763
7825
6120
2753
267
430
3382
1290
1769
6326
317
334
235
7160
4071
2885
4665
5989
1483
9974
6911
4969
7991
2922
9616
2286
3518
6418
9209
3373
6931
9211
7653
9814
5575
9809
6943
2659
7904
4610
2380
8455
6522
3717
3514
5372
9026
7211
3876
1086
5025
8564
4392
1954
2277
2085
5594
3468
7110
4009
9066
415
4184
8597
6451
9077
3996
1632
7718
785
5692
339
4231
5491
7223
8286
1989
6205
1049
7243
2016
4644
1903
358
7526
5113
5866
6029
9791
9096
6210
1925
794
1600
9724
1581
7367
8788
6655
6135
9814
3026
1363
3892
8640
8274
7467
1551
5781
1329
5013
2093
2709
5055
2368
1732
8147
1605
2077
4057
3559
8843
2761
8062
1667
6697
5210
7548
2136
5324
4311
8157
2441
9948
1405
5694
1456
2540
6095
3490
5920
5841
3198
6954
4108
9446
458
5988
5606
2639
567
3250
8314
1117
2500
8941
2011
594
5240
4729
3630
3797
9821
6698
6790
1704
2481
9479
9664
9368
7435
1007
2656
8885
4219
2025
5499
3683
4005
5056
7399
79
9472
6767
1071
3062
1114
3545
4764
4995
9054
828
4785
3591
3224
7687
7733
1870
360
9529
3078
7503
2374
5164
5452
260
5173
3587
9003
5132
1866
1631
3006
3677
6031
2776
1680
3325
1923
3322
3148
5027
7765
702
1369
58
3889
6747
6590
8070
3754
6204
1580
9961
56
6723
219
4888
6723
8462
4037
2666
1153
4266
6659
5537
2125
1061
5588
2060
9897
8345
4069
5403
9893
5909
7518
53
4976
3662
2201
4119
8781
3174
648
8494
7882
603
391
39
5246
9556
1152
8356
2769
3976
734
7346
2577
3647
5540
2617
7634
8380
878
8724
1365
9628
1896
1937
9596
7912
1550
3418
7900
9121
8596
6358
7044
1421
2007
874
6221
7548
963
1316
3107
8705
2359
1449
8548
1405
5414
2621
7686
2894
8911
4403
8285
8344
7071
4502
2957
5906
6373
8952
6509
1573
9334
8312
2525
3488
4163
4905
5305
9199
4152
3856
5119
557
7878
2542
4141
8520
6387
1200
1934
8276
2720
819
327
3555
139
9116
5756
979
2086
7127
7417
5832
4072
9549
7566
5276
6867
1996
5562
6276
2534
2562
11
4101
7315
441
8101
4183
5235
682
2210
2312
7769
4859
5640
8372
3796
7578
6945
628
1625
3935
2535
6052
2385
7837
3662
9417
9343
2666
9159
2163
5220
2752
18
8064
9910
82
3811
6434
4335
3202
2441
785
7042
2370
4251
5379
1875
8730
4803
7579
3303
3258
6720
8624
2217
8608
6102
8240
2799
4252
8441
5253
4156
1250
3930
8102
9656
8752
9297
1089
8893
8561
4811
2568
9971
481
8054
4313
9966
1842
331
418
5718
8558
9467
1557
504
4334
1198
6536
2123
4746
3159
17
9653
8082
492
6800
1455
4397
2756
45
1414
3599
4226
7299
9668
5280
9121
4381
4799
3227
1088
5729
1151
1188
9377
7866
3622
8990
3517
7722
1419
28
7706
1471
2087
310
7775
3669
2196
1775
7030
8509
5539
6660
451
3245
1229
6903
4165
3639
3164
7933
123
1486
5563
7620
761
6647
9707
6986
4187
445
6775
26
1113
711
7434
8200
2107
7917
5216
9071
6831
3929
4971
9288
441
1131
8967
3374
7306
688
7455
6976
7044
2595
9665
2214
4268
308
5263
9768
9825
1977
728
5324
9821
1074
1735
9054
842
2913
8602
8516
7046
8138
9013
7298
474
311
3640
604
4535
7439
127
5643
9714
888
3384
3378
9026
9034
2394
7521
839
2054
2260
7161
2141
7511
9396
609
5122
1720
8585
3000
7204
7974
7035
2476
5086
904
7993
1322
4789
3580
2003
7959
7022
659
330
5711
4962
1856
500
9165
8660
7341
2341
8058
2098
5519
2122
3176
1579
1562
6151
6065
1473
3592
4004
876
9838
8886
5683
8913
8875
416
6741
1148
8879
4830
6094
3399
485
46
118
2355
209
4197
8385
9495
52
1136
9985
1965
638
2128
1499
2536
4196
1221
488
7291
4082
9930
5116
1878
9474
1489
2524
2242
3454
4320
2715
5744
3106
6493
6310
6252
1734
7606
4258
4232
3770
948
3122
1990
3746
7265
1277
3429
1589
4871
1582
2481
2657
2171
3918
1076
9441
3658
4208
1473
5474
8674
1451
7171
7746
1860
5278
1521
7737
553
8574
1220
3965
387
7267
7004
3377
2213
1348
9344
7277
9093
9056
1477
6964
2369
3392
5250
1809
5392
1177
577
7924
4363
5
4455
6732
123
516
9256
8213
4645
863
6229
7684
4355
3758
3959
5792
212
4026
6001
6756
7288
6437
5281
6658
9748
6825
2727
5946
7405
1183
25
4811
323
8065
2262
7033
8571
6658
3129
2480
1186
2636
2913
2152
4910
1225
9615
9977
3127
838
1471
1233
631
5622
6395
9652
461
3955
9724
6931
3720
9274
4562
8400
2418
4535
374
257
2267
2862
7246
2579
1176
4621
2817
4768
9116
9438
8396
4244
5285
5297
7252
8253
3610
6873
6060
7649
356
3733
4809
8949
7210
8866
9364
4747
7905
9231
8160
955
2355
6658
9981
9877
2544
6761
4301
2037
1811
2692
4533
2393
5175
4593
8886
2767
1257
2215
9788
6146
6671
4327
7206
823
2985
8975
6647
931
6503
9490
2876
7247
524
1173
8448
8463
7377
2682
6381
7871
6685
6418
8227
4783
980
7903
2573
2672
1917
7576
3522
6127
6344
3121
2954
7090
543
3146
131
5057
4861
6326
2434
2967
1773
9599
5725
8984
4692
759
424
6357
737
6114
8414
4494
2276
8083
6867
4968
4477
8949
248
2367
3238
1179
8751
8621
8852
8825
3967
3484
1017
9972
8794
3816
7182
5191
9165
345
3200
280
2919
3456
5976
107
5534
6703
3871
2742
8207
4062
6673
2388
1684
667
914
4317
875
6465
8494
757
9348
9133
8245
7108
1803
5677
72
2343
4855
5241
1309
5286
8242
2535
3257
9557
5995
3770
4734
3166
2616
1770
1250
2318
1055
7850
9858
2031
6263
6310
7831
6519
8970
7643
3977
6399
4734
6300
2609
5510
7621
1857
6051
9031
353
1603
1212
3992
3244
2918
7992
9860
4007
4550
4263
3228
2017
8997
9184
5801
4203
8483
8535
9286
5961
3983
9804
2955
2139
8077
276
9212
3789
7705
2459
5684
1100
8843
1785
3004
3930
1324
6469
5313
4180
3495
7848
7973
8034
2979
8772
788
3566
3488
5588
7833
3257
8608
7013
1106
1994
3577
6326
6338
5656
3016
1420
6933
4683
1544
3001
9017
3437
5491
9918
5692
1751
7112
1918
3936
8537
2461
4357
6902
6650
3703
1752
1002
6993
3000
3823
1627
4627
8
97
2606
9790
4583
1822
5379
421
7169
659
4520
4189
4644
7786
9148
8759
4078
6928
9639
1696
2827
6907
4968
2565
8909
5867
464
4811
5196
8143
45
2717
9217
8700
1033
8727
4685
3946
5604
5523
591
3872
5903
1810
7334
913
7515
4062
9412
4950
3665
7181
6020
1550
563
1080
6301
83
6258
3085
5958
2047
34
2369
7693
8095
8539
6506
2163
2231
1410
9549
5786
2294
1319
6195
4834
9836
7376
4402
3840
297
2966
3401
5008
4807
8477
1547
4941
7098
5722
2464
2606
1767
2785
968
2099
2019
6573
8673
4112
9117
5811
7179
2441
1663
2825
442
7744
7553
8994
4412
7194
6127
9021
268
1016
1197
4416
1206
4069
151
1791
9563
3483
8765
3170
9319
3740
4751
4949
3970
8653
133
2737
2676
2117
5491
4235
1917
9383
5691
4619
8308
9483
611
4448
893
1828
3864
8835
5184
334
5795
3001
6968
5190
5899
5277
3353
5791
3883
3549
8182
4930
8806
3635
6498
5477
3368
6039
9493
2399
1103
178
5425
5355
3530
1926
8198
7947
8416
1405
5426
6720
3893
7952
4301
8119
5720
5178
8581
4373
5856
7851
293
3110
56
6400
3147
8898
5432
483
5242
9394
9271
6351
5757
1329
6910
6968
8301
3670
4622
2712
4533
1922
7621
3612
7155
8149
4941
9857
1170
1941
6581
6169
9094
1618
1268
2610
5016
7859
2363
8185
1043
7829
906
7498
8878
6870
4390
684
3291
2621
9178
859
4686
9276
5163
4245
2626
7720
9968
1050
6873
9433
6354
2413
1043
8205
3985
8592
2385
785
919
5359
6442
2355
881
7196
6717
3314
4618
7019
7832
2839
8474
4862
1496
3992
6320
2484
1010
7529
4139
9709
9330
1350
480
561
9634
576
1143
1586
5118
5204
8406
8287
789
9714
5458
5467
1858
9403
2323
2749
1483
2764
3064
8489
4618
8683
8667
3791
2411
2064
486
7698
4533
7910
342
7420
4332
5762
6446
6352
966
8819
9903
8848
6637
9370
1671
9856
9236
8524
8
251
3614
2485
5963
1956
7131
3376
324
927
7364
1300
664
4402
6361
5665
5100
8166
6105
6284
6687
8562
5570
3975
9339
1754
810
7348
6872
3283
6141
8699
1794
9195
9559
9722
1580
9159
8932
5501
2724
557
3446
4542
1561
115
8280
9646
2762
8039
193
1221
3889
8640
8618
4887
8417
1781
3331
7928
1947
6189
7747
8129
1271
390
3391
9378
1249
1514
3341
1594
3378
1103
4201
3814
9761
9886
4408
5686
3577
5111
9499
2374
4237
7922
5990
1484
4921
2073
4034
6413
874
5460
1583
9653
3649
1941
686
8454
8772
8582
494
1136
7574
4895
1909
4931
7705
2444
8450
865
9408
286
9505
3639
6377
2497
3150
29
4411
8606
413
1900
8397
4434
3065
5215
4680
3087
8524
9438
2109
4673
1183
5479
3913
4323
3122
4733
3064
8499
1998
5830
9896
2836
8889
8863
7584
2131
682
4195
8528
7420
9773
6204
2346
8429
7193
5241
7890
4827
9952
3072
6147
3316
8551
6150
1538
9077
7591
3853
438
5213
1763
4173
760
2097
5068
8455
359
1345
1521
597
6687
155
5386
3238
8555
9215
9622
6489
5657
4835
6756
9431
2702
4488
8095
6550
5673
2748
2110
8411
1356
6193
6811
4128
2728
7469
9729
1078
8600
8340
6492
7724
4385
4052
6492
9633
4248
2239
5594
3127
5364
2542
4990
1305
518
4611
432
7486
2087
3456
3901
1086
4273
7030
8556
5796
2608
6721
7762
4725
3130
530
1539
3168
7660
3645
9370
5814
6343
469
5467
6732
476
8516
9447
2511
804
2095
6831
7175
7091
7688
7229
47
9037
9766
1839
2227
3289
451
1093
4571
5
1781
2190
232
5866
4607
733
5997
8690
552
258
9056
536
621
886
8960
3391
9026
5383
2936
309
1998
7861
7253
3496
5656
5548
8341
5434
2093
4851
7889
3905
7940
164
6861
8899
9907
9870
9885
2064
5586
567
8186
7328
624
4341
981
3343
5014
4831
570
1909
1305
1999
8457
1355
7940
1995
3698
251
7909
1204
7439
9207
4070
5695
102
2733
8111
963
974
6938
650
9345
5154
4252
2056
810
3765
4348
7810
6270
9445
908
593
2881
2130
4317
8002
5843
8033
5029
6997
2752
9772
9983
8917
7973
9948
5586
621
772
3786
2407
40
7434
5634
2485
4042
5567
5225
5327
7149
3149
1872
8561
7679
2484
8841
5479
7514
1342
186
7599
4051
9135
6928
1695
3208
239
1030
2826
7204
6491
1094
5567
8964
3560
9935
6514
9615
4314
9832
9360
7521
6804
2036
4973
3209
1520
1878
2096
1828
626
4710
9105
3833
8728
277
5041
6887
9157
7085
9291
2155
2350
5005
4906
2919
8804
5780
1372
799
5332
7547
3685
1557
3691
7064
790
6200
9437
5552
3888
9976
6488
2493
1236
9470
3108
9440
2108
3578
975
329
5903
908
3014
4805
5841
5543
1062
5527
8169
754
7332
2122
8008
3873
2617
421
9975
2964
4419
736
7503
5743
5768
7366
8990
1386
3660
6764
1913
1657
7060
6545
9661
6190
187
4646
715
2461
7190
1712
3028
5473
532
5564
3424
3837
7512
8514
4261
950
8921
1021
3750
9359
8729
2266
7914
1140
2197
6687
5935
412
6669
7230
5342
1865
7077
1401
7104
1281
8091
3208
3682
6546
3882
9209
6261
1729
7422
2392
4234
9364
1368
2096
3132
273
5221
3072
6861
7590
7578
9137
7046
3883
5874
2983
1033
6325
92
198
5673
524
2558
4599
109
2863
3375
4347
4240
9814
6516
4975
8253
1320
1689
6832
3081
4382
2978
305
769
2423
1858
5067
5046
5326
6939
1813
5366
9098
9911
1028
5085
6228
7272
2340
6668
1678
5435
1591
9240
6802
1314
2126
7990
9992
8545
2966
5190
9564
2089
3589
6813
5695
4132
9221
4968
1677
6176
1903
3053
7008
416
5532
932
5347
5726
7528
4423
3081
758
4280
8374
622
1759
6045
5662
1390
9339
954
3514
4613
4994
8259
3786
7527
6697
1830
467
6321
3321
542
2119
2479
5293
2981
7431
6815
2075
8666
1590
7222
8775
5076
144
8418
6309
7414
9563
4352
2974
9507
3501
8607
7556
8755
1022
869
585
9687
4895
160
4925
7961
2827
6303
1431
5368
4029
8786
5590
4435
8626
2623
7655
4899
5521
3783
5146
478
3000
3320
7089
9433
3064
8772
2457
9694
5635
7042
6636
7839
1301
7780
5429
3497
7058
6568
1685
8476
4334
323
662
9850
2067
7867
7071
2926
4094
2291
2503
5200
3658
5565
8061
8726
4274
1547
263
4796
817
4662
3353
2359
6892
7443
9929
9430
2
4195
1489
3578
1651
3545
8500
5640
1759
4370
5429
9357
688
3200
500
641
8699
8423
6538
239
6131
892
1127
3492
3071
714
6282
342
5804
4935
4801
9911
9094
1238
1169
8506
675
3182
3736
1637
5328
1916
9873
951
1520
7748
3609
6044
1362
7598
3600
4015
7331
8911
8625
1551
3909
9476
6933
2677
1870
4182
5380
965
3379
1515
862
2115
1334
4249
6122
7848
9245
7585
1821
7189
8038
6393
6957
5287
3736
1626
2902
2188
731
2459
5917
452
6459
6366
1091
5740
8617
9402
3820
4327
2451
2744
6672
4286
4948
2674
2226
6154
2223
6825
5887
6878
7544
6038
5257
4122
2916
6339
5765
2382
1650
2074
1282
780
8858
4094
7740
9698
5429
2954
7391
838
908
9943
3439
386
2534
6369
6503
1378
7357
2380
8193
1547
5344
35
8342
1247
9310
8705
7782
3246
1265
276
5353
7759
2553
974
135
8511
2459
9182
8486
8745
7737
6494
7506
9576
9267
2462
4066
1913
9983
898
9129
2051
8133
3719
1161
7227
6638
2988
8815
7220
1519
6031
6651
6788
7840
917
270
8861
1250
4413
7385
937
1391
3079
6723
7575
20
1761
9611
7398
1517
787
5055
1967
2304
1644
3789
41
9165
4588
1928
4999
2980
292
1582
676
23
7898
1639
9521
7506
8657
3952
478
1944
1513
2136
2824
6592
2595
186
3810
6688
1591
8301
4199
5640
2041
4185
2302
7234
6202
8923
8303
8680
7691
3370
1334
7719
1495
3707
1990
6627
1137
5938
9535
12
8140
1834
322
7711
1434
727
1764
767
151
1002
1602
1157
2358
9892
4037
8965
3356
1406
9878
3044
4844
3129
3619
87
4115
4674
8786
3710
3061
6216
5989
1217
440
7105
558
1801
6735
1289
4821
2338
4441
2957
1897
3263
4796
807
7140
5791
9947
5883
6257
191
4816
2625
4258
7904
8230
9779
8989
8010
9318
10
1287
5569
3188
6277
3348
8679
8939
7050
8413
530
2503
1007
9987
6063
2465
3018
6451
5223
7168
4200
2235
3937
7117
7676
7388
1417
7448
7464
7168
8480
4010
432
5358
2547
9530
877
1227
624
4932
5536
2611
7782
2439
3496
2873
3356
3230
6661
8683
9781
4577
3101
858
5027
6013
7520
1784
2490
2673
7671
4451
8230
3226
178
7233
480
2674
3938
524
4076
8052
9396
4896
9846
7955
4735
274
335
8635
6992
5188
834
1800
1908
1734
5596
9446
981
3631
7995
7641
9081
4685
7302
2270
2600
7817
3774
4194
9996
8590
5172
849
6397
155
251
8353
5006
8471
4654
6673
2690
4725
293
9596
372
2728
244
4578
2005
6521
3653
1688
1878
1046
8200
4591
3401
3725
1847
2963
2323
6570
4207
7861
9429
7917
1372
3003
1627
9232
5363
2854
6484
695
614
7716
2516
5496
500
7784
5190
3149
5727
2519
2214
2200
2050
3923
7870
3446
4659
3453
2927
1095
1173
4535
6498
2350
593
9640
7887
3652
3974
3603
1759
9441
2030
5354
1101
4413
2051
1887
1954
1924
5490
2364
6049
601
7982
452
4719
7340
6553
2969
2551
5358
5759
3838
734
7796
4147
3296
8578
2779
8925
4561
9784
876
9156
693
7623
3184
3049
8929
1599
357
8596
1824
4238
6961
3748
2504
2244
5942
8577
7181
8981
8039
6275
9652
4847
474
6040
7371
4460
9758
2818
583
5882
3391
8848
8589
2314
6536
5807
2933
8550
6137
2943
4332
214
5785
6794
1465
6628
4429
6163
9058
7663
1609
3500
7840
4973
1238
3595
5329
565
453
7949
8508
8796
1715
1274
8426
9677
1918
4028
1603
2350
6055
2507
6150
7841
9832
1498
9630
873
5384
2520
7169
1086
9565
671
3482
4066
1121
7441
6234
7892
4520
772
8858
9621
752
2683
5188
186
6106
2184
1859
4897
9848
1806
6376
5255
8424
1932
5742
4169
8800
8631
5680
3242
9194
6886
874
2964
8562
8756
1982
8946
5405
7441
1368
4574
2813
9866
6691
5815
1363
5067
5373
5973
9124
4210
2472
2096
830
3558
531
9757
1004
7096
6057
4090
505
9240
5224
397
8338
2027
7301
7735
9279
1035
4990
4991
4851
7392
6351
4509
6513
1006
1961
7715
5666
2559
3664
1203
1188
7074
1172
4301
9573
2755
899
2327
2833
3454
9260
1907
936
2286
9751
4235
4404
1563
7892
4560
5689
8676
417
8483
5869
4184
3423
7379
362
6843
8615
5225
3586
4567
6825
4049
2883
9297
102
8154
1003
7710
9391
6462
1485
646
2492
9926
8996
8728
7458
2088
4328
7678
735
5923
7535
1249
9079
7341
9814
3760
4981
4474
8671
5054
330
368
7789
954
1929
3273
6398
7122
1239
9848
4217
5994
1517
5023
600
858
4752
1505
7175
6134
3682
9284
638
5778
858
2329
6955
7157
4322
6302
2580
13
6511
9747
7484
2500
4710
8125
3123
962
9645
8504
6307
531
5648
1248
5016
7049
5590
7393
2511
4629
9539
6989
2563
5506
3742
494
7668
355
5493
6797
777
2319
6640
3794
5335
4793
2372
9117
4610
8197
8666
1221
9571
9767
6543
9055
9067
2254
9468
5617
8792
1522
5880
6199
1717
5098
861
1269
6935
1057
184
3550
1445
1769
3973
9237
2119
3696
6139
6931
9778
1955
8804
1912
466
2528
1456
7637
5066
1120
7866
1001
3577
5717
5883
8346
5837
4448
93
7510
9916
3671
1219
7355
9328
3397
2679
7924
3251
6690
1139
8213
1340
7828
9781
6841
88
8182
4941
457
4653
7992
5944
5184
138
2199
8322
829
2611
9310
3000
4425
1948
2525
3180
6042
7428
858
4444
1287
8788
6261
9796
3884
263
5569
531
160
6940
3871
5452
1413
7722
1372
3615
2160
8085
9263
9271
2554
3518
668
3124
5110
1935
8652
4556
644
2534
7504
1869
6949
3425
979
7367
832
4076
1856
6440
1140
6935
1125
8743
1439
2428
4998
4469
2111
7199
2981
3169
8391
6599
3664
3227
2244
28
7467
3899
9232
4161
3616
9539
1047
2035
7188
1938
4681
258
7532
2107
8639
625
8175
629
2976
713
5694
1316
3734
7443
2737
56
253
5381
372
9748
3628
2715
6627
9825
3080
3914
1937
1252
1445
1362
7311
2734
5326
1154
8666
1347
2167
5969
7638
5294
1664
5546
1050
3410
4685
7878
3996
4499
484
4417
2559
1110
7719
1126
2634
9319
4962
8892
3835
26
7287
1093
7084
7972
1400
9060
9956
7194
3589
2799
9905
9754
4647
8150
7284
7529
9436
4979
7230
4972
1236
2050
3386
4955
2554
6563
9770
9427
9160
4445
5911
2556
8372
7253
19
5306
4735
2831
8561
1895
9889
8356
3144
3857
573
774
3076
8591
346
2624
4525
4474
5092
4881
1244
5370
8528
7738
8395
31
8688
2485
3388
4753
6854
6041
2941
4154
6971
9580
8570
8610
7634
56
9907
283
9593
9457
8496
734
2128
2101
211
7141
1678
533
5917
2891
6688
5236
2179
9377
5298
413
3954
7283
5539
1066
1521
5066
180
210
998
8019
9586
7186
9451
80
7828
1264
6082
5613
7383
9340
7463
4405
1048
423
6885
2806
433
7048
7036
3011
2248
2189
4994
1721
4052
3343
903
5892
3474
1114
8253
7250
9783
3675
5415
6056
134
1514
2529
5796
1060
2138
1
3299
5835
6991
557
1315
8284
8575
6029
4844
1528
7260
8050
4395
2673
2993
616
79
9164
8011
7975
7111
5690
6394
6448
7691
2871
9320
6998
299
466
1241
2090
3685
9103
8164
7500
9371
1113
9857
1695
8851
1100
1635
6061
5313
8498
3080
2426
9442
3835
2110
1965
3162
9891
8552
7276
8993
6671
9282
4504
2890
3560
6497
4073
3796
2651
8431
747
4372
7680
5573
2649
4610
5962
6809
2728
6467
4814
1307
2488
327
2807
107
1718
4644
1785
3533
5941
9571
2597
2559
831
1017
7885
698
1303
9161
5321
7767
4720
7399
6328
7812
3587
4528
4315
839
2077
761
1726
4483
6423
7445
136
3561
7355
11
6966
7664
5491
7399
1523
1335
387
4112
8874
5739
746
8138
1919
5477
6309
7053
6059
3301
9750
3845
8630
4501
1667
1387
1690
2359
8705
1108
1382
3984
4226
2473
2304
841
589
7751
1983
6052
4509
823
4311
6460
7148
7456
454
3584
6562
2844
991
8945
4152
633
117
7898
7682
2449
586
2096
4349
1692
8072
9449
4613
612
864
5906
8139
8729
7858
8172
9764
710
9868
6806
261
6676
1510
673
3453
3501
2061
752
5892
1332
5950
6622
467
7267
3878
2725
1684
2405
6007
748
4956
3301
5294
336
9429
9575
5155
183
8577
8086
801
897
6987
5421
3334
815
4656
2505
861
441
4607
6910
7578
58
8365
5610
9382
7919
9580
2055
6956
768
1389
3093
3362
1790
5219
4055
5228
8366
8602
6477
253
7492
3704
6146
3984
1876
4771
4247
4103
532
6019
9471
2417
1382
2809
1996
2801
1525
2992
2282
4188
7886
1442
4523
5188
4258
5118
4307
9859
7256
1657
5860
9257
9992
2867
2445
1946
5509
2556
5102
850
7562
855
1184
2155
6489
5997
1859
7728
2032
1877
7559
9714
8734
642
3038
1547
4676
4814
8066
9569
9646
9254
2660
5662
1972
3013
2437
2749
1628
3701
664
8055
8867
1459
7047
4447
7836
5987
8149
4571
9800
5045
7956
9813
3735
374
8840
5568
7389
2233
7596
1918
4888
4295
5283
7969
6113
7685
9842
7889
1169
9126
204
2254
7494
2416
429
8455
6135
8835
1964
4394
5364
1847
842
1196
7105
4485
8576
9963
8612
4153
9065
434
589
7686
8587
9805
8038
2043
6748
366
555
2837
7746
639
5596
4389
1995
9305
8657
9219
1918
612
6669
2179
7490
7616
8549
6519
878
5332
9203
661
3169
7381
5382
3419
3875
4377
8012
720
2539
6379
1075
2380
994
7218
8269
6890
5239
9166
8162
1517
4773
1763
3530
6482
3698
1561
4331
1413
2522
2930
191
6854
1740
990
1690
3484
9970
2780
5403
2730
2199
4706
1201
8386
2404
9422
9712
1672
7563
638
8435
7032
344
4269
3172
4043
868
4255
3434
9333
3340
831
19
9442
6674
2070
4658
4035
1074
3999
5290
4868
9080
1785
3196
6720
2576
4269
4301
6566
5357
3360
7052
6765
1055
1371
226
9158
5999
5657
6939
6306
1308
2225
3460
7380
9931
3557
8758
8151
6138
6602
1858
1699
1062
8329
8652
7404
9630
3893
1053
2716
8919
5710
9844
8643
9617
6965
3965
2204
6154
7233
5877
3585
850
961
1005
1233
1839
3731
6717
3073
8866
7045
6698
9409
4393
3786
1882
160
8134
5551
3624
1811
8608
2030
3668
1986
9656
67
1069
6867
6767
6413
609
9356
6678
471
5012
9347
5558
1304
2287
8504
8338
1367
8811
3653
921
1875
8222
8868
6336
4387
3077
1618
7616
8169
1939
1347
9547
4812
7321
4614
565
7670
6983
8730
1649
2075
5249
609
4313
6491
7477
8308
1154
6266
1836
4471
9791
2286
6799
7103
4469
2360
653
4913
4735
1479
8026
5436
