4534
3667
5339
408
6677
9107
6425
9929
1139
8902
7690
9946
9606
5147
367
6740
1985
2440
5965
129
2203
4634
2409
5500
6816
4571
466
2264
2231
3529
756
2227
1188
8228
649
3211
191
904
9235
4642
500
5996
4728
879
92
2794
636
8741
3037
4208
4613
7415
9229
4390
3083
5852
1564
914
6479
5664
3299
3160
494
171
5191
3702
3269
7782
6067
6462
983
4011
3621
7557
1309
6044
2055
1788
9981
760
4881
5341
3775
3497
7789
6409
8524
5552
5627
447
6567
5717
2678
5807
1168
9194
1527
3328
1671
7520
3993
4911
5870
9789
7901
4489
8450
9516
1470
3019
91
1012
6151
2599
5202
1310
6643
1529
4403
3009
8133
7371
8643
5808
7338
4919
2323
8855
3548
9083
3654
5522
105
1569
8271
2575
5267
895
9263
2292
1833
797
5598
2100
3845
405
7207
4110
6535
2944
3801
5478
1043
1230
1642
4553
1766
4598
911
3723
9135
6143
5274
7347
9755
269
9972
745
481
2385
4043
3998
320
3482
8541
1629
5029
225
821
8689
193
1732
8901
7992
219
9232
1061
6422
8594
5764
8523
9981
7302
9492
8076
7179
1975
6571
1858
8756
3902
8837
5183
5025
555
92
2832
521
5134
5025
9173
464
4026
1326
7600
8894
518
2857
652
1121
7974
9995
1392
3285
1594
7313
5700
1666
3317
83
4995
1607
1489
6100
562
4390
914
4762
9792
5775
6888
3742
8111
9010
888
5813
6897
9840
3468
7856
5190
2513
970
1217
8694
3675
2227
9296
1737
1617
1246
5533
623
2074
6500
8758
9085
8036
3453
8443
5381
9400
1387
6816
1738
9136
8388
6099
1202
262
5126
7646
7708
4159
630
8479
5939
6200
8410
6631
6340
303
7976
5536
6317
4549
6094
2899
679
4371
2212
8280
2966
2251
2558
654
6254
7040
583
974
9560
1209
7146
8220
5029
1009
1986
5949
1586
1987
3253
6479
3453
9620
6637
7829
5366
5665
9191
3346
1833
427
4911
8233
3324
2960
4396
5938
580
1388
2439
1583
3965
3200
4018
8767
5002
3249
983
147
5961
2708
9934
7504
9738
6697
5107
2500
162
901
3079
3660
8987
1237
1254
7382
1870
6240
6490
2082
4660
2236
1982
2494
2745
1139
1364
7218
6498
2455
8315
1017
6801
7812
4460
9874
8422
2821
4948
4757
504
6282
646
1674
676
3224
162
2694
5893
7345
4033
7239
2229
6566
2610
2323
4403
2171
3802
3004
6646
4362
5591
7014
2017
8362
2902
2492
3751
3440
2470
4928
3600
8374
7613
1186
8157
6972
7001
6258
2857
9309
2281
5529
5280
6596
9709
341
7620
5054
2619
9828
6366
2706
4708
8324
5858
7662
5238
7463
998
9235
2131
8460
4068
7060
9762
4732
9245
2762
6356
2515
401
4012
9322
880
9597
5933
646
8174
180
791
6399
9059
4833
2615
2936
9177
8283
632
435
9467
922
9509
1442
3155
1161
5529
8478
6354
7245
3337
6492
8255
2501
3877
1613
4883
1987
2346
